,+0939,+0166,+1650,+0192,+0308,+1378,+0112,+0001,+0001,+0001,+0001,+0001
,+0110,+0089,+0087,+0088,+0091,+0379,+0002,+0002,+0002,+0002,+0002,+0002
,+0002,+0002,+0002,+0002,+0002,+0002,+0002,+0002,+0002,+0002,+0002,+0002
,+0140,+0131,+0145,+0116,+0090,+1523,+0187,+0171,+0002,+0002,+0002,+0002
,+0101,+0111,+0159,+0177,+0832,+0002,+0002,+0002,+0002,+0002,+0002,+0002
,+0002,+0002,+0002,+0002,+0002,+0002,+0003,+0003,+0003,+0003,+0003,+0003
,+0136,+0146,+0146,+0124,+0090,+0100,+0094,+0097,+0130,+0145,+0152,+0096
,+0104,+0142,+0126,+0139,+0136,+0154,+0003,+0003,+0003,+0003,+0003,+0003
HBSAG-
                      
                       
