,+2402,+0042,+0063,+0061,+0068,+0056,+0085,+0054,+3665,+0094,+0066,+0040
,+0063,+3847,+0067,+0050,+0069,+0063,+0062,+0051,+3873,+0074,+0098,+3897
,+0074,+0052,+0078,+0283,+3805,+0066,+0067,+0103,+0081,+0076,+0185,+0081
,-0142,+0000,-0046,+0000,+0009,+0004,+0000,-0680,-1923,+0005,+0005,-0140
,+0000,+0000,+0000,+0000,+0000,+0000,+0000,+0000,+0000,+0000,+3771,+0075
,+0000,+0000,+0000,+0000,+0000,+0000,+0000,+0000,+0000,+0000,+0000,+0000
,+0000,+0000,+0000,+0000,+0000,+0000,+0000,+0000,+0000,+0000,+0000,+0000
,+0000,+0000,+0000,+0000,+0000,+0000,+0000,+0000,+0000,+0000,+0000,+0000
HBS-AG
                      
                       
